function color=preferedcolors
blue = [57 106 177]./255;
red = [204 37 41]./255;
black = [83 81 84]./255;
green = [62 150 81]./255;
brown = [146 36 40]./255;
purple = [107 76 154]./255;
blueli = [114 147 203]./255;
redli = [211 94 96]./255;
blackli = [128 133 133]./255;
greenli = [132 186 91]./255;
brownli = [171 104 87]./255;
purpleli = [144 103 167]./255;
color = {blue, red, black, ...
             green, brown, purple blueli redli blackli greenli brownli purpleli};
end